Tower3
(-7.5, -1.0, -1.5)
1
2
TowerSlow
(13.5, -1.0, -8.5)
0
0
Tower
(-10.5, -1.0, 25.5)
0
0
Tower
(3.5, -1.0, -13.5)
0
0
Tower2
(-10.5, -1.0, 1.5)
3
3
Camp
(-7.0, -1.0, -19.0)
-1
-1
Camp
(-5.0, -1.0, -9.0)
-1
-1
Camp
(-14.0, -1.0, -7.0)
-1
-1
TowerSlow
(0.5, -1.0, -14.5)
0
0
Tower2
(-7.5, -1.0, 1.5)
3
3
Tower
(-4.5, -1.0, -1.5)
3
3
Tower
(-4.5, -1.0, 1.5)
0
0
Camp
(-5.0, -1.0, -19.0)
-1
-1
Camp
(-3.0, -1.0, -19.0)
-1
-1
Camp
(-12.0, -1.0, -7.0)
-1
-1
Camp
(7.0, -1.0, -14.0)
-1
-1
Camp
(3.0, -1.0, -19.0)
-1
-1
Camp
(-1.0, -1.0, -19.0)
-1
-1
TowerTesla
(16.5, -1.0, -8.5)
0
0
Camp
(1.0, -1.0, -19.0)
-1
-1
Tower2
(16.5, -1.0, -5.5)
3
3
Camp
(7.0, -1.0, -19.0)
-1
-1
Tower
(-8.5, -1.0, 25.5)
0
0
TowerSlow
(-8.5, -1.0, 1.5)
0
0
Tower2
(-6.5, -1.0, -13.5)
3
3
Tower2
(13.5, -1.0, -5.5)
3
3
Camp
(-10.0, -1.0, -18.0)
-1
-1
Camp
(-10.0, -1.0, -16.0)
-1
-1
TowerSlow
(-6.5, -1.0, -14.5)
0
0
Tower2
(0.5, -1.0, -13.5)
3
3
Camp
(5.0, -1.0, -20.0)
-1
-1
Tower2
(17.5, -1.0, -8.5)
3
3
Tower2
(-6.5, -1.0, -1.5)
3
3
Tower2
(-11.5, -1.0, 25.5)
3
3
TowerSlow
(17.5, -1.0, -5.5)
0
0
Tower2
(-10.5, -1.0, -1.5)
3
3
Camp
(-3.0, -1.0, -9.0)
-1
-1
Camp
(-2.0, -1.0, -7.0)
-1
-1
Tower2
(-5.5, -1.0, -13.5)
3
3
Camp
(7.0, -1.0, -11.0)
-1
-1
Camp
(15.0, -1.0, -20.0)
-1
-1
Tower2
(-10.5, -1.0, -3.5)
3
3
TowerSlow
(-16.5, -1.0, 8.5)
0
0
Tower2
(-2.5, -1.0, -13.5)
3
3
Tower2
(-16.5, -1.0, 28.5)
3
3
Tower2
(13.5, -1.0, -2.5)
3
3
Tower3
(-15.5, -1.0, 8.5)
3
3
Tower2
(14.5, -1.0, 4.5)
3
3
Tower2
(-2.5, -1.0, -14.5)
3
3
TowerSlow
(-9.5, -1.0, 25.5)
0
0
Camp
(-14.0, -1.0, -10.0)
-1
-1
TowerTesla
(3.5, -1.0, -14.5)
0
0
Camp
(-16.0, -1.0, -11.0)
-1
-1
Tower3
(-9.5, -1.0, 1.5)
3
3
Camp
(-16.0, -1.0, -7.0)
-1
-1
Tower3
(-11.5, -1.0, 28.5)
2
2
TowerSlow
(-10.5, -1.0, -2.5)
0
0
TowerSlow
(-12.5, -1.0, 1.5)
0
0
Tower3
(2.5, -1.0, -10.5)
3
3
Tower3
(13.5, -1.0, 1.5)
3
3
TowerSlow
(13.5, -1.0, -0.5)
0
0
Tower2
(-5.5, -1.0, -14.5)
1
1
Camp
(2.0, -1.0, 7.0)
-1
-1
TowerSlow
(2.5, -1.0, -9.5)
0
0
Tower2
(1.5, -1.0, -6.5)
3
3
Tower2
(1.5, -1.0, -4.5)
3
3
TowerSlow
(1.5, -1.0, -5.5)
0
0
Tower2
(16.5, -1.0, 0.5)
3
3
Tower
(1.5, -1.0, -14.5)
0
0
